2641
175
3416
1188
4541
1529
4867
1806
1343
1056
60
1686
4684
4715
246
3570
4024
591
3763
4092
2708
2201
4727
4134
4422
3316
1989
3243
4616
4047
4533
3073
2864
2486
3602
4493
192
587
4817
3893
1463
3703
3645
4259
3122
4887
2712
1369
4683
4947
3756
2464
2163
2931
3477
2504
2048
1077
1510
3285
2030
2316
1505
3075
3227
2254
1382
657
3998
1984
4593
1391
4793
50
3680
3865
3341
1499
4747
1167
4645
2501
2721
2689
3081
2235
3183
375
956
2400
4692
3881
2085
3871
3609
3218
1584
3986
3033
4074
2127
1623
1985
1271
1110
223
2931
2537
2170
4003
953
3605
1549
4858
4075
1819
739
4538
3167
2864
253
3142
658
856
4255
499
1517
505
2972
4467
3406
550
4136
3673
2130
3143
2174
184
4900
1139
2454
467
3389
4480
4131
4193
2442
2709
309
3791
625
386
1529
1436
1262
3233
4987
3090
654
3335
905
559
3451
2328
2104
3967
1076
728
1109
3721
1242
114
1169
508
1948
1960
4249
1403
711
3703
309
1048
3879
4797
1028
814
191
1806
3135
1563
206
360
4178
406
1085
4403
2272
2226
4522
3242
259
101
1426
706
36
603
3734
4122
1628
1490
2277
4384
1410
3048
4981
3167
872
1701
2575
3376
3441
2334
4453
803
2695
4810
2019
2088
3188
3756
1449
3065
2268
1879
4165
2099
4218
1368
2569
3559
1760
3195
2628
2902
998
1600
4423
2170
665
3548
448
2917
1996
3254
64
2250
2153
2495
3411
3520
2620
1954
2149
3288
2671
258
4375
786
357
1987
4424
1471
1646
1889
1880
1779
189
2897
2720
2462
4761
1676
2901
1819
2738
1838
2892
4186
735
4133
3946
2786
3878
2757
930
1525
2475
519
1296
3601
2416
4512
286
2071
1407
2438
4998
3388
2653
936
4794
2737
209
3857
4746
4164
2290
159
2323
1633
647
247
1013
3308
285
4107
2307
1971
4468
990
1466
3194
3560
707
1226
2980
2239
2092
3254
782
2877
703
776
3805
1231
1135
1722
2960
1526
985
4522
397
53
2771
140
3678
1408
4210
3539
2535
2927
3043
480
771
2391
2742
3318
3725
2391
3073
1440
1432
2289
311
3068
1520
2822
4529
429
3103
936
316
2326
3162
3404
549
4307
2756
4241
2524
338
531
3481
3780
2220
537
2587
2425
3269
1225
1613
1631
1511
437
39
1857
4494
3346
4174
2469
3978
883
640
4005
1899
3718
3714
2824
4662
2421
4494
4492
4551
1765
241
642
2151
1282
1364
833
1381
3207
3645
2125
3756
4753
1691
3943
1782
4001
1878
3121
4401
4516
1463
4225
2540
3824
1324
3775
4830
447
3222
2712
2097
3378
2740
1907
395
173
1161
3940
2755
3229
2082
3053
378
3007
2891
3183
2229
2015
1993
3975
4857
3605
2377
154
4391
1187
2850
415
4708
2675
8
1136
1866
509
4554
3364
4112
1679
3371
2551
2767
1804
1796
2288
679
2945
4723
4666
33
4238
3307
910
316
729
4956
3933
2995
4912
4388
507
453
1195
1653
3300
4865
3889
3914
4451
2641
4767
2365
74
1039
4685
3213
4260
4828
3801
240
3897
2116
32
4016
208
21
1761
4236
3627
4042
293
2511
4460
393
1318
2807
2188
3014
3108
1161
4353
663
2809
1321
4012
3484
1663
4985
2894
4880
829
4695
41
3192
421
3205
4092
2304
652
4610
497
1635
4265
1361
1162
2225
1387
3653
4968
3382
3513
2551
3579
289
1570
4427
2368
896
3752
4555
1258
751
3170
1386
3205
2772
4630
3101
532
3713
3208
1543
4876
734
4902
2012
3621
4191
712
1855
4193
1747
935
4125
4113
4751
3685
4320
4711
1237
1402
1920
3211
111
1476
4118
1982
453
1784
1707
3347
4421
1046
3578
4650
4254
264
847
129
3631
3966
4334
908
2446
394
3221
1475
4849
4022
1220
1997
2331
4384
2573
1511
886
4063
2375
4661
126
3728
2672
1038
3062
3345
71
1118
3256
2292
3639
3071
4156
1886
2211
4859
2601
2126
484
4163
4932
3396
3817
2245
1967
785
4445
992
2656
33
577
892
2986
3270
2224
4658
2117
3819
4041
2206
1829
1787
4064
2709
3051
1712
3109
4964
4551
3710
1552
510
3593
2910
1689
3984
4612
1047
3895
1497
2014
3060
3216
2162
2263
1438
2548
3060
1612
3219
4804
3368
2895
199
428
4962
2342
969
270
4062
4464
2334
1980
2970
980
4235
1964
2448
4815
2401
244
2738
279
1664
3600
1803
1989
3461
4300
497
810
3359
176
3427
466
2087
2906
3124
568
1313
3109
433
2498
3543
4960
2693
3160
4648
3495
3790
513
4005
3993
4344
1742
4770
2659
2709
1630
4349
3923
2489
3826
1335
1231
55
35
3873
2338
1208
2915
907
3108
2454
4820
2814
883
623
3416
1581
4817
3934
2550
4477
1135
3925
3349
4892
4430
3139
3178
628
2141
2792
3957
3570
508
540
4209
2489
1421
3241
3575
4739
47
3714
3922
2499
2490
308
1834
1369
2013
800
2731
3799
353
2901
1621
4909
1114
4139
2247
350
1629
2159
3017
4100
433
4691
1741
1411
1583
3504
270
1416
2860
3404
2195
1841
3926
3715
3755
4392
3235
2829
1346
4301
3527
1770
4743
88
2289
4328
668
2883
1266
4326
2057
11
4488
715
4055
1048
1522
2650
4772
386
279
3424
1041
2678
4917
3091
724
4100
82
1426
2831
536
15
3059
3495
1578
553
4686
3800
2983
379
1494
4525
1622
3727
1032
1709
2893
1716
2131
527
3066
3936
2556
4423
3200
4936
2899
1806
2193
114
3139
4289
4929
3266
1314
3925
4476
4906
2387
4931
878
2586
3513
275
791
4079
365
4601
1084
1335
4045
2072
4073
1907
2962
2538
274
4572
2265
1785
3071
1277
2368
3149
3101
3845
3093
2401
723
961
3810
105
3980
1355
2697
462
4544
1280
2558
3754
4457
939
640
1698
117
923
180
4503
4006
